188
7 12 12
1 15 8
10 17 4
15 18 6
1 6 14
18 7 18
11 10 9
16 13 4
11 17 13
17 12 11
17 13 8
19 8 7
6 19 14
18 20 18
15 20 8
1 4 11
9 18 3
1 6 12
18 16 10
2 7 12
2 10 5
18 12 3
9 3 14
8 11 16
18 5 8
20 19 8
8 18 2
17 19 11
4 13 4
5 19 9
18 13 19
13 11 7
19 6 20
9 10 3
16 6 7
16 17 5
2 6 2
4 6 16
5 19 18
6 8 19
7 19 10
12 7 17
5 20 1
3 15 2
12 11 14
2 14 6
16 7 16
16 3 12
4 6 7
16 3 19
3 20 18
2 18 9
5 18 12
20 14 17
11 9 16
9 8 17
8 16 20
1 20 13
7 10 2
11 12 14
16 2 9
18 2 12
11 2 15
9 2 3
14 10 2
7 9 17
7 19 8
17 18 4
3 10 20
15 18 12
12 17 1
1 18 7
16 20 6
11 10 19
19 11 1
7 13 3
9 11 8
4 15 1
6 19 17
4 19 5
2 8 1
16 6 11
20 8 20
16 19 4
7 13 4
19 12 6
20 8 15
16 15 2
4 14 15
20 8 11
6 4 12
13 5 3
17 6 12
19 10 18
2 19 16
5 10 9
20 15 2
1 3 20
14 5 18
17 5 5
4 2 4
2 16 2
4 10 14
7 12 20
16 12 15
19 1 11
3 13 9
3 7 9
14 19 10
8 2 14
10 19 16
5 4 20
18 17 16
4 2 15
12 18 17
6 14 18
20 6 14
12 14 16
2 1 1
20 16 2
9 5 4
15 7 14
6 2 12
15 10 10
15 10 5
17 12 17
16 2 16
15 6 2
18 9 18
6 10 19
18 16 8
15 10 13
6 17 12
4 9 19
14 13 2
7 16 16
17 15 20
11 6 1
15 13 3
7 10 5
12 20 6
13 20 10
20 9 4
8 7 4
13 6 6
2 3 3
15 20 17
1 16 4
10 1 4
19 8 2
20 16 7
15 17 20
2 14 8
4 11 15
7 17 17
17 4 1
3 12 19
2 19 6
14 7 19
7 19 17
10 8 18
7 2 7
8 1 8
13 11 1
12 3 14
7 4 6
20 18 3
4 7 3
12 10 14
1 2 16
15 5 10
4 1 14
1 16 4
8 2 14
20 17 15
9 2 8
18 16 20
12 20 16
17 9 3
8 17 10
20 4 20
12 8 12
12 2 8
4 6 20
3 10 1
8 2 3
1 17 20
12 11 3
